50
3
1 2 3
2 3 5
3 5 6
2 3 4
1 2 3
10
11 13 15 17 18 20 23 24 26 27
7 8 10 12 13 16 17 18 20 21
2 4 5 6 7 9 10 13 14 16
1 2 4 6 7 8 9 11 13 14
4 6 8 11 12 13 16 18 20 22
6 7 9 11 12 14 15 17 18 20
11 13 15 18 19 22 23 24 26 27
2 4 5 7 8 10 12 13 15 17
6 7 9 12 13 14 18 19 22 23
9 12 14 16 18 20 21 23 25 26
9 10 11 15 17 18 21 23 24 26
12 14 17 18 20 22 25 26 28 29
7 9 10 14 16 17 20 22 23 24
8 10 12 13 14 17 18 20 22 24
4 5 6 8 9 10 11 15 17 19
13 15 16 20 22 23 24 26 28 30
14 17 19 22 23 24 26 27 29 32
13 16 19 20 21 24 26 27 30 32
3 5 6 9 10 12 14 15 16 19
2
2 4
6 8
2 6
2
2 22
22 222
22 222
10
73 136 157 199 221 229 240 253 260 280
18 39 64 85 107 115 131 136 137 144
42 61 105 120 125 136 175 199 211 215
100 144 182 215 235 244 288 307 317 326
60 115 134 136 162 177 193 211 243 263
48 83 106 130 138 162 176 221 222 235
50 85 110 120 130 134 160 175 180 203
62 101 125 134 151 177 188 229 237 244
65 131 150 175 176 188 211 221 256 268
112 164 181 203 235 263 268 280 316 326
12 39 59 61 83 101 105 126 142 164
29 64 85 105 106 125 146 152 156 181
97 142 156 180 220 243 256 260 305 317
6 12 29 50 51 60 65 73 78 100
6 18 22 42 48 62 79 94 97 112
22 59 85 110 117 134 150 157 174 182
94 126 152 175 197 211 221 253 281 307
78 137 174 211 222 237 263 281 305 316
79 105 146 160 164 193 211 240 263 288
7
23 24 26 28 30 33 34
3 8 12 13 14 15 27
22 25 27 29 31 32 34
6 11 15 18 20 21 32
3 8 12 13 14 15 26
2 7 8 9 10 11 24
5 10 14 17 19 20 31
1 2 3 4 5 6 23
5 10 14 17 19 20 30
6 11 15 18 20 21 33
2 7 8 9 10 11 25
4 9 13 16 17 18 29
1 2 3 4 5 6 22
7
6 12 18 19 23 24 25
15 21 32 34 38 39 43
6 10 12 15 16 20 21
13 19 23 27 30 34 38
4 5 6 7 9 11 15
11 20 28 30 34 36 40
5 10 14 17 19 21 23
17 21 24 31 35 36 39
9 14 18 21 24 28 32
9 16 24 25 30 35 36
7 15 21 22 27 31 32
4 6 9 11 13 17 21
21 23 25 32 36 40 43
2
4 8
6 8
2 6
5
8 9 12 14 16
5 6 9 12 15
10 12 16 18 21
7 10 12 14 16
13 15 16 18 21
8 11 14 16 18
5 6 10 11 12
11 12 14 16 18
2 5 8 11 13
8
6 10 12 14 16 17 19 20
9 14 16 18 19 22 24 26
3 6 8 10 11 13 14 15
8 13 15 17 18 20 22 23
8 13 14 17 18 20 22 24
11 15 17 19 21 24 25 28
5 8 10 12 14 15 16 17
9 15 17 19 20 22 24 25
5 8 10 12 13 14 17 18
11 16 18 20 21 23 26 28
6 10 12 14 15 17 18 19
4 6 8 10 11 13 15 16
7 11 14 15 17 18 20 21
2 4 5 6 7 8 9 11
7 11 13 16 17 18 19 21
2
2 6
4 8
2 4
4
2 4 5 7
3 6 7 8
1 2 3 5
1 3 4 6
5 8 10 11
4 5 7 10
3 4 6 8
2
22 222
2 22
2 22
3
1 2 3
2 3 4
2 3 4
3 4 5
1 2 3
7
52 58 105 113 143 149 165
81 94 123 131 149 173 194
5 8 27 42 52 74 79
37 39 67 83 105 125 148
74 84 125 145 151 173 193
5 27 37 41 56 81 103
27 47 67 89 103 123 127
42 53 83 109 127 131 156
56 67 103 127 143 151 178
79 105 148 169 178 194 199
103 115 127 156 165 193 199
41 51 89 109 113 145 169
8 36 39 51 67 94 115
8
10 11 13 15 18 19 21 22
11 13 14 16 19 20 22 24
6 10 12 13 16 18 19 21
13 14 16 17 21 23 25 27
2 4 5 8 10 11 13 14
7 11 14 15 17 19 20 23
4 5 8 9 12 14 15 17
10 14 17 19 20 22 24 27
1 2 3 5 6 7 9 10
9 12 15 16 19 21 22 25
2 4 6 8 10 11 12 14
1 2 4 6 8 10 11 13
3 6 8 10 12 13 14 16
8 10 12 14 16 17 19 20
6 8 10 11 13 15 16 19
8
21 24 25 32 34 37 42 46
14 18 23 26 27 29 33 35
6 8 12 13 16 20 25 28
22 28 32 34 35 42 46 47
22 28 31 33 36 40 43 47
4 5 8 10 14 17 21 22
4 6 9 13 14 18 21 22
5 8 12 17 18 22 24 28
17 20 24 27 29 35 37 40
8 12 14 19 23 24 25 31
18 22 24 28 31 35 38 42
13 17 19 20 22 27 31 34
10 13 18 20 26 28 32 33
21 25 29 31 33 38 42 43
14 16 20 22 27 31 34 36
7
3 5 9 10 13 15 18
18 21 26 31 32 37 40
3 4 8 9 10 13 14
9 11 12 15 21 22 25
9 13 15 23 25 27 31
5 7 11 13 17 21 24
15 19 23 27 30 36 38
10 17 21 26 29 30 32
14 24 25 29 36 38 40
13 21 22 28 33 36 37
4 7 11 15 17 19 21
13 17 20 25 29 33 36
8 11 12 19 20 23 26
4
3 5 7 8
7 11 14 18
9 12 14 17
10 15 18 19
5 9 12 15
8 12 17 19
3 6 9 10
5
2 4 5 6 8
4 6 7 9 11
5 7 9 10 12
2 4 6 7 9
6 9 11 13 15
4 6 7 9 10
7 9 10 13 15
8 11 13 15 17
6 7 9 11 13
10
16 17 23 26 30 37 40 41 45 48
11 12 15 19 23 24 26 28 31 35
4 7 11 12 15 19 21 23 26 28
7 11 14 15 18 22 23 24 28 31
1 4 7 11 14 18 19 20 23 26
23 26 30 35 39 42 45 47 52 56
7 12 15 19 22 26 29 33 35 38
14 16 22 24 27 33 35 40 42 45
11 14 18 23 24 30 31 36 39 41
26 28 33 38 41 45 48 51 54 59
20 22 28 31 36 43 45 49 52 54
18 19 20 26 30 33 37 39 43 45
21 24 31 35 37 45 49 50 56 59
5 8 14 15 19 20 23 27 30 33
19 21 23 29 31 35 40 42 45 49
1 4 5 7 11 14 16 17 20 21
17 20 24 28 34 39 42 43 47 51
14 15 19 22 24 27 30 34 36 37
20 23 27 33 36 40 41 43 49 50
4
1 2 3 4
3 5 7 10
4 7 9 12
1 3 4 6
3 4 5 7
4 5 7 9
6 8 10 12
10
9 19 29 39 49 59 69 79 89 99
2 12 22 32 42 52 62 72 82 92
7 17 27 37 47 57 67 77 87 97
6 16 26 36 46 56 66 76 86 96
8 18 28 38 48 58 68 78 88 98
91 92 93 94 95 96 97 98 99 100
71 72 73 74 75 76 77 78 79 80
41 42 43 44 45 46 47 48 49 50
31 32 33 34 35 36 37 38 39 40
10 20 30 40 50 60 70 80 90 100
11 12 13 14 15 16 17 18 19 20
5 15 25 35 45 55 65 75 85 95
1 2 3 4 5 6 7 8 9 10
51 52 53 54 55 56 57 58 59 60
81 82 83 84 85 86 87 88 89 90
61 62 63 64 65 66 67 68 69 70
3 13 23 33 43 53 63 73 83 93
4 14 24 34 44 54 64 74 84 94
1 11 21 31 41 51 61 71 81 91
6
6 8 11 16 20 23
12 18 20 26 29 33
7 10 11 15 19 20
3 4 6 7 10 12
4 6 8 12 15 18
4 6 10 12 16 19
10 12 16 18 22 26
7 12 15 18 22 25
3 4 7 10 14 16
10 15 19 22 25 28
14 16 20 22 25 29
7
5 6 10 11 12 13 16
12 14 15 17 18 21 24
8 10 11 13 14 16 17
2 3 5 7 9 10 12
6 8 10 11 13 14 15
9 11 12 15 16 17 18
9 11 13 14 16 18 20
3 5 8 10 11 12 14
12 14 16 17 20 22 24
11 12 13 16 18 20 21
2 4 6 8 9 11 12
7 9 11 13 15 16 17
10 12 14 16 17 20 22
4
1 2 3 7
1 2 3 8
2 4 5 9
8 9 11 13
3 5 6 12
3 5 6 11
2 4 5 10
10
9 10 11 12 13 14 15 16 17 18
1 2 3 4 5 6 7 8 9 10
4 5 6 7 8 9 10 11 12 13
10 11 12 13 14 15 16 17 18 19
6 7 8 9 10 11 12 13 14 15
6 7 8 9 10 11 12 13 14 15
7 8 9 10 11 12 13 14 15 16
5 6 7 8 9 10 11 12 13 14
10 11 12 13 14 15 16 17 18 19
8 9 10 11 12 13 14 15 16 17
7 8 9 10 11 12 13 14 15 16
2 3 4 5 6 7 8 9 10 11
4 5 6 7 8 9 10 11 12 13
2 3 4 5 6 7 8 9 10 11
1 2 3 4 5 6 7 8 9 10
8 9 10 11 12 13 14 15 16 17
9 10 11 12 13 14 15 16 17 18
3 4 5 6 7 8 9 10 11 12
5 6 7 8 9 10 11 12 13 14
8
11 15 20 26 28 30 38 39
20 26 30 33 38 39 46 48
2 5 6 8 10 11 12 16
17 22 24 26 29 30 35 36
2 5 8 12 15 17 18 20
6 8 15 16 20 24 28 30
18 25 28 30 34 38 42 44
12 15 16 20 22 26 30 34
16 22 24 34 35 36 44 48
10 11 18 22 25 29 34 38
5 6 8 10 11 15 18 22
12 18 21 30 33 35 42 46
8 10 17 20 23 26 30 33
5 6 12 15 19 22 25 26
15 19 20 23 25 28 33 35
4
60 63 95 104
45 67 100 104
12 15 40 45
40 43 83 95
17 40 43 67
12 17 40 60
40 61 83 100
6
11 12 19 24 26 28
3 7 8 11 12 14
12 14 22 26 30 33
7 8 13 16 17 18
11 16 21 24 26 30
13 17 25 26 30 33
10 13 17 19 22 24
7 8 10 12 14 17
3 7 10 11 13 15
15 18 27 28 33 35
14 17 24 30 33 35
7
7 8 9 10 11 12 13
1 2 3 4 5 6 7
6 7 8 9 10 11 12
5 6 7 8 9 10 11
6 7 8 9 10 11 12
2 3 4 5 6 7 8
2 3 4 5 6 7 8
5 6 7 8 9 10 11
4 5 6 7 8 9 10
3 4 5 6 7 8 9
1 2 3 4 5 6 7
3 4 5 6 7 8 9
7 8 9 10 11 12 13
10
6 9 12 14 17 19 20 21 22 23
14 17 20 23 25 26 28 30 35 37
9 11 16 19 21 23 25 27 30 32
8 17 18 21 24 25 27 30 31 34
18 21 24 27 30 31 34 35 40 43
12 20 23 25 27 28 33 34 36 37
13 21 25 27 29 30 34 35 37 39
8 10 13 17 18 20 23 25 26 27
5 9 10 11 13 17 18 21 23 24
15 22 26 30 32 35 38 40 41 44
16 18 22 24 27 30 33 34 38 40
7 14 17 19 21 23 24 27 29 31
11 13 17 21 24 25 27 29 32 35
20 23 25 29 31 33 36 37 41 44
16 23 27 32 35 37 40 43 44 45
23 24 26 31 34 35 37 39 44 45
3 6 8 9 11 14 16 18 20 23
11 19 20 23 25 26 30 31 33 35
3 5 6 7 8 11 12 13 15 16
10
8 11 13 18 21 22 24 26 30 33
26 33 34 39 43 50 55 56 57 62
22 26 38 43 47 52 53 56 61 68
22 23 32 34 39 41 44 52 53 55
4 8 13 15 20 22 25 26 31 34
18 22 31 35 40 41 46 50 55 59
4 6 7 8 13 18 21 22 27 28
13 18 23 27 30 31 36 38 41 42
34 38 39 42 51 59 63 68 73 77
15 20 25 31 32 35 38 43 48 52
20 22 30 33 37 40 43 47 49 54
25 30 33 36 42 46 49 53 55 58
8 18 27 31 33 34 36 39 41 42
13 21 30 32 37 39 42 43 46 51
28 33 42 52 54 55 58 62 65 77
7 13 23 25 30 32 33 34 36 39
6 11 18 20 22 23 30 33 35 38
21 24 36 38 43 44 49 55 57 63
31 35 36 41 46 55 57 61 63 65
2
3 5
5 8
3 5
6
16 19 22 26 31 35
18 19 22 28 32 35
7 10 13 15 18 19
7 10 12 15 18 19
10 12 14 19 21 22
11 15 19 21 22 26
13 15 16 21 24 28
4 7 10 13 15 16
10 13 14 16 20 22
15 18 21 24 28 31
15 18 20 22 28 32
10
10 13 14 16 17 20 22 23 25 27
16 19 20 23 24 27 29 30 32 34
2 3 4 5 7 8 9 10 11 12
4 6 8 11 13 14 16 18 19 20
3 5 6 8 9 10 11 13 14 16
3 5 7 9 11 13 15 17 18 19
5 8 9 12 14 16 17 20 22 23
11 15 16 17 18 22 24 25 27 29
10 13 14 18 21 23 25 27 28 30
13 17 18 20 22 23 26 27 29 31
11 14 15 19 23 25 27 29 30 32
12 16 17 21 24 27 29 31 32 34
2 3 5 7 8 10 11 13 15 16
5 7 8 9 10 12 13 14 15 17
8 11 13 14 16 18 20 21 23 24
9 11 13 17 20 22 24 26 27 29
8 10 12 15 18 20 22 23 25 27
7 9 11 12 14 15 17 18 19 21
15 18 19 22 23 25 27 28 30 32
10
46 48 51 53 54 57 58 61 62 64
8 16 23 29 34 38 41 43 44 60
3 11 18 19 20 21 22 23 24 50
5 13 20 26 31 32 33 34 35 55
9 17 24 30 35 39 42 44 45 63
47 49 50 52 55 56 59 60 63 64
4 12 19 25 26 27 28 29 30 52
7 15 22 28 33 37 40 41 42 59
6 14 21 27 32 36 37 38 39 57
1 2 3 4 5 6 7 8 9 46
5 13 20 26 31 32 33 34 35 54
9 17 24 30 35 39 42 44 45 62
1 2 3 4 5 6 7 8 9 47
2 10 11 12 13 14 15 16 17 49
7 15 22 28 33 37 40 41 42 58
2 10 11 12 13 14 15 16 17 48
4 12 19 25 26 27 28 29 30 53
6 14 21 27 32 36 37 38 39 56
3 11 18 19 20 21 22 23 24 51
2
6 8
4 8
2 4
6
10 11 13 17 19 24
17 22 24 30 37 38
18 25 29 34 38 42
16 19 27 33 37 38
20 24 32 37 38 42
10 11 15 16 22 25
13 17 23 28 30 34
5 10 12 13 16 20
12 13 20 22 24 29
11 15 20 23 27 32
5 10 11 15 17 18
7
11 17 19 22 25 26 28
8 11 12 15 18 19 23
7 8 11 12 15 19 21
13 16 17 19 23 26 29
15 19 20 23 24 28 31
4 6 8 11 14 16 19
5 7 11 12 16 17 20
9 14 15 16 20 23 24
10 11 12 15 16 22 25
3 4 5 8 9 11 13
13 20 21 25 26 29 31
3 5 7 10 11 13 15
11 14 16 18 20 25 26
4
3 7 11 15
1 2 3 4
2 6 10 14
4 8 12 16
9 10 11 12
5 6 7 8
13 14 15 16
3
2 3 4
3 4 5
1 2 3
3 4 5
1 2 3
10
19 20 28 30 31 35 38 40 45 47
22 23 32 34 35 41 45 49 54 58
16 18 25 26 27 32 33 37 41 42
8 11 18 19 24 27 29 30 34 37
23 24 36 37 39 42 47 50 55 61
15 17 24 27 28 32 35 40 44 47
1 2 6 9 12 15 18 20 22 23
20 22 32 35 37 40 42 44 49 50
1 3 4 8 12 16 19 20 23 25
3 4 10 14 15 17 21 22 23 24
25 31 38 40 44 47 51 52 58 61
23 27 34 39 42 44 48 51 54 55
18 21 27 29 32 33 38 42 48 51
12 14 22 25 26 28 32 33 35 39
9 14 16 19 25 26 30 35 39 40
6 10 14 18 22 25 28 32 34 38
12 15 20 24 26 27 31 37 42 44
20 22 28 30 33 37 40 44 51 52
2 4 7 11 14 18 20 22 27 31
7
22 23 24 25 26 27 28
15 16 17 18 19 20 21
36 37 38 39 40 41 42
7 14 21 28 35 42 49
1 8 15 22 29 36 43
2 9 16 23 30 37 44
1 2 3 4 5 6 7
43 44 45 46 47 48 49
6 13 20 27 34 41 48
3 10 17 24 31 38 45
4 11 18 25 32 39 46
8 9 10 11 12 13 14
29 30 31 32 33 34 35
5
7 9 11 17 20
2 4 9 12 16
16 20 25 28 31
2 7 12 13 17
9 11 17 22 24
12 17 19 24 26
12 13 17 19 25
13 15 22 24 28
4 9 13 15 20
7
6 8 9 11 13 15 17
11 13 15 17 19 20 21
9 11 12 15 17 18 20
1 2 4 6 7 9 11
10 14 16 17 18 20 21
4 7 8 10 12 13 16
1 3 5 7 8 9 10
7 8 10 11 13 15 17
7 9 10 13 14 17 18
9 12 13 15 17 18 20
2 5 6 8 10 12 14
8 10 12 13 14 17 19
5 6 8 9 10 12 15
8
11 12 19 21 25 27 29 32
17 21 22 26 28 31 35 37
4 5 7 11 13 17 21 24
6 11 15 19 20 22 26 31
21 24 26 29 30 32 39 41
5 8 11 15 18 20 21 24
10 18 20 25 26 28 30 38
14 20 23 27 30 31 32 42
19 24 27 32 35 37 41 50
7 9 15 17 20 23 24 27
13 14 20 25 26 30 34 35
24 28 31 35 38 42 46 50
4 5 6 7 10 14 16 19
16 21 24 29 34 35 39 46
5 8 9 12 14 21 24 28
4
3 4 5 6
2 3 4 5
1 2 3 4
4 5 6 7
4 5 6 7
2 3 4 5
1 2 3 4
5
4 8 12 14 15
12 14 18 20 25
14 22 25 29 32
13 18 20 24 29
14 18 22 24 29
9 14 18 22 26
15 20 26 29 32
4 5 9 13 14
5 12 14 18 20
3
3 4 5
3 4 5
2 3 4
1 2 3
2 3 4
